0.000000000000000000e+00,1.696958680048103361e+02
1.000000000000000000e+00,1.400454959174199701e+02
2.000000000000000000e+00,1.342750781815676362e+02
3.000000000000000000e+00,1.524164031484326074e+02
4.000000000000000000e+00,7.582312797551406902e+01
5.000000000000000000e+00,1.093731245763898983e+02
6.000000000000000000e+00,1.149659060972913522e+02
7.000000000000000000e+00,1.168257605699932924e+02
8.000000000000000000e+00,1.152191702701826017e+02
9.000000000000000000e+00,1.129975882824078894e+02
1.000000000000000000e+01,1.097254129843080506e+02
1.100000000000000000e+01,1.107204852996911200e+02
1.200000000000000000e+01,1.090988551040377104e+02
1.300000000000000000e+01,1.109523675865840175e+02
1.400000000000000000e+01,9.461076396711801806e+01
1.500000000000000000e+01,1.156228112888630761e+02
1.600000000000000000e+01,1.212702839019665930e+02
1.700000000000000000e+01,1.551094412129983766e+02
1.800000000000000000e+01,9.401520318587522240e+01
1.900000000000000000e+01,9.492453637591415827e+01
2.000000000000000000e+01,9.138810923752792803e+01
2.100000000000000000e+01,8.732330188515778957e+01
2.200000000000000000e+01,7.753931703993497138e+01
2.300000000000000000e+01,7.217689802553101686e+01
2.400000000000000000e+01,6.415966302604145710e+01
2.500000000000000000e+01,4.809916329801885126e+01
2.600000000000000000e+01,5.786701403538538813e+01
2.700000000000000000e+01,4.874145540720421366e+01
2.800000000000000000e+01,5.603863174780978085e+01
2.900000000000000000e+01,6.580198435470637719e+01
3.000000000000000000e+01,8.789854924737349506e+01
3.100000000000000000e+01,8.128379409356486462e+01
3.200000000000000000e+01,7.687432079409347807e+01
3.300000000000000000e+01,6.715133114367419864e+01
3.400000000000000000e+01,6.875810072851042776e+01
3.500000000000000000e+01,4.448930901072971267e+01
3.600000000000000000e+01,3.601877280036949003e+01
3.700000000000000000e+01,4.201712772633386095e+01
3.800000000000000000e+01,4.974881413896316218e+01
3.900000000000000000e+01,5.510467639230797232e+01
4.000000000000000000e+01,5.556712318374353288e+01
4.100000000000000000e+01,5.362142806251949168e+01
4.200000000000000000e+01,5.507758525114435599e+01
4.300000000000000000e+01,7.438937481763980486e+01
4.400000000000000000e+01,6.612492489122632833e+01
4.500000000000000000e+01,6.928098235299384555e+01
4.600000000000000000e+01,7.684932726132716141e+01
4.700000000000000000e+01,1.014178020801978306e+02
4.800000000000000000e+01,8.787777042467659783e+01
4.900000000000000000e+01,9.625389117107496872e+01
5.000000000000000000e+01,1.033463566840153049e+02
5.100000000000000000e+01,1.071225272174189342e+02
5.200000000000000000e+01,1.406220371345797275e+02
5.300000000000000000e+01,1.457412585475312028e+02
5.400000000000000000e+01,1.273767720384845603e+02
5.500000000000000000e+01,1.073866728560295059e+02
5.600000000000000000e+01,1.048986954344003095e+02
5.700000000000000000e+01,9.813124102778182589e+01
5.800000000000000000e+01,1.009206497170050199e+02
5.900000000000000000e+01,1.013192896367788478e+02
6.000000000000000000e+01,9.141860716523120800e+01
6.100000000000000000e+01,8.821926394312120578e+01
6.200000000000000000e+01,8.793453728634722211e+01
6.300000000000000000e+01,9.048013364414791226e+01
6.400000000000000000e+01,1.537695564895159919e+02
6.500000000000000000e+01,8.615382919484493129e+01
6.600000000000000000e+01,1.626576413971419584e+02
6.700000000000000000e+01,9.585601358542895412e+01
6.800000000000000000e+01,8.943889256971161217e+01
6.900000000000000000e+01,9.669001804433628422e+01
7.000000000000000000e+01,9.393246390563882642e+01
7.100000000000000000e+01,9.669001804433628422e+01
7.200000000000000000e+01,9.486560274731222364e+01
7.300000000000000000e+01,9.760573842169159775e+01
7.400000000000000000e+01,9.731633429766212373e+01
7.500000000000000000e+01,9.660526089623211021e+01
7.600000000000000000e+01,9.469658055928383078e+01
7.700000000000000000e+01,9.690982031086062420e+01
7.800000000000000000e+01,1.438989027274089949e+02
7.900000000000000000e+01,9.628249208816139060e+01
8.000000000000000000e+01,8.580736449923604425e+01
8.100000000000000000e+01,7.980746950504689607e+01
8.200000000000000000e+01,7.664025635240807333e+01
8.300000000000000000e+01,7.245468501593281019e+01
8.400000000000000000e+01,6.743689019593760747e+01
8.500000000000000000e+01,6.829479232797321231e+01
8.600000000000000000e+01,6.446438633229561788e+01
8.700000000000000000e+01,6.611726652130792559e+01
8.800000000000000000e+01,7.880837695649317709e+01
8.900000000000000000e+01,1.095432032862426155e+02
9.000000000000000000e+01,1.416431519385169508e+02
9.100000000000000000e+01,1.591125059969037920e+02
9.200000000000000000e+01,1.647435088771975131e+02
9.300000000000000000e+01,1.606223999573876426e+02
9.400000000000000000e+01,1.667955960817711514e+02
9.500000000000000000e+01,1.763802586297249775e+02
9.600000000000000000e+01,1.778590986336768935e+02
9.700000000000000000e+01,1.797480966790733703e+02
9.800000000000000000e+01,1.777480001047438520e+02
9.900000000000000000e+01,1.728261216120333472e+02
1.000000000000000000e+02,1.752622169961733505e+02
1.010000000000000000e+02,1.689871931718462577e+02
1.020000000000000000e+02,1.697826163070054690e+02
1.030000000000000000e+02,1.697826163070054690e+02
1.040000000000000000e+02,1.725624784468623432e+02
1.050000000000000000e+02,1.777320454640940284e+02
1.060000000000000000e+02,1.583065135030014119e+02
1.070000000000000000e+02,1.551210853841935204e+02
1.080000000000000000e+02,1.550096938886752014e+02
1.090000000000000000e+02,1.322499760787413265e+02
1.100000000000000000e+02,1.177282574223191176e+02
1.110000000000000000e+02,9.000000000000000000e+01
1.120000000000000000e+02,6.896248897457819282e+01
1.130000000000000000e+02,6.380709917502923645e+01
1.140000000000000000e+02,3.978731763561151435e+00
1.150000000000000000e+02,6.621695436017414238e+01
1.160000000000000000e+02,5.798257585841210471e+01
1.170000000000000000e+02,5.573152822225853242e+01
1.180000000000000000e+02,1.873410358076704796e+01
1.190000000000000000e+02,3.122567827102879789e+01
1.200000000000000000e+02,3.724551699803056692e+01
1.210000000000000000e+02,3.855167399137754103e+01
1.220000000000000000e+02,4.469685055628587378e+01
1.230000000000000000e+02,5.119558688871902774e+01
1.240000000000000000e+02,4.953843140764141140e+01
1.250000000000000000e+02,5.956505285880206202e+01
1.260000000000000000e+02,6.296255616247991327e+01
1.270000000000000000e+02,7.241907840068397206e+01
1.280000000000000000e+02,6.617337180893473203e+01
1.290000000000000000e+02,7.129068665890737577e+01
1.300000000000000000e+02,7.477472342173177822e+01
1.310000000000000000e+02,7.365241378286123108e+01
1.320000000000000000e+02,6.839733304932020985e+01
1.330000000000000000e+02,6.265304503996769370e+01
1.340000000000000000e+02,8.141938771248911166e+01
1.350000000000000000e+02,7.642457055975216917e+01
1.360000000000000000e+02,7.970726552334042481e+01
1.370000000000000000e+02,1.000369024539634921e+02
1.380000000000000000e+02,1.405942416096878560e+02
1.390000000000000000e+02,1.463310930465579531e+02
1.400000000000000000e+02,1.387789344337523687e+02
1.410000000000000000e+02,1.763279939222857422e+02
1.420000000000000000e+02,1.243310297270701170e+02
1.430000000000000000e+02,7.838828415439488140e+01
1.440000000000000000e+02,6.511769498072483486e+01
1.450000000000000000e+02,6.542233302472342871e+01
1.460000000000000000e+02,6.520273425537520495e+01
1.470000000000000000e+02,7.793898868418951054e+01
1.480000000000000000e+02,1.149020521236993346e+02
1.490000000000000000e+02,1.487822138812474293e+02
1.500000000000000000e+02,1.711927773733270328e+02
1.510000000000000000e+02,1.489460483076725836e+02
1.520000000000000000e+02,1.255998375500803803e+02
1.530000000000000000e+02,1.195479269576066059e+02
1.540000000000000000e+02,1.302363583092738111e+02
1.550000000000000000e+02,5.193838580533623883e+01
1.560000000000000000e+02,2.140649939647193989e+01
1.570000000000000000e+02,3.311634328318994847e+01
1.580000000000000000e+02,4.087274217146639899e+01
1.590000000000000000e+02,4.664967806176365173e+01
1.600000000000000000e+02,6.658774838361232185e+01
1.610000000000000000e+02,5.927294104016292664e+01
1.620000000000000000e+02,1.012364575469805885e+02
1.630000000000000000e+02,6.762565840852987264e+01
1.640000000000000000e+02,7.609977270526606219e+01
1.650000000000000000e+02,8.194153627582069532e+01
1.660000000000000000e+02,1.299132926885584141e+02
1.670000000000000000e+02,1.357488655300826395e+02
1.680000000000000000e+02,1.287774021593746170e+02
1.690000000000000000e+02,9.468898438785754479e+01
1.700000000000000000e+02,1.334377319360486354e+02
1.710000000000000000e+02,9.327153589529972066e+01
1.720000000000000000e+02,9.438023079216424094e+01
1.730000000000000000e+02,9.155534625664884629e+01
1.740000000000000000e+02,7.817851165939275404e+01
1.750000000000000000e+02,7.488508276143596731e+01
1.760000000000000000e+02,1.882555353978984414e+01
1.770000000000000000e+02,3.980104758720913338e+01
1.780000000000000000e+02,1.624742248716995618e+01
1.790000000000000000e+02,3.719280687700614152e+01
1.800000000000000000e+02,5.416973973152383337e+01
1.810000000000000000e+02,7.183466011872604895e+01
1.820000000000000000e+02,5.622779339636117868e+01
1.830000000000000000e+02,4.905607945767343381e+01
1.840000000000000000e+02,3.988970999166775755e+01
1.850000000000000000e+02,5.261499837681763125e+01
1.860000000000000000e+02,7.414486475305015745e+01
1.870000000000000000e+02,1.071868917102571999e+02
1.880000000000000000e+02,1.211044548346162060e+02
1.890000000000000000e+02,1.237503576961299814e+02
1.900000000000000000e+02,1.133074126855834862e+02
1.910000000000000000e+02,9.906770353159035380e+01
1.920000000000000000e+02,8.713759477388825303e+01
1.930000000000000000e+02,7.317943598307637387e+01
1.940000000000000000e+02,7.239408280238949089e+01
1.950000000000000000e+02,7.241329120407075948e+01
1.960000000000000000e+02,6.438033792738644934e+01
1.970000000000000000e+02,6.719994329595661497e+01
1.980000000000000000e+02,6.618938648201925901e+01
1.990000000000000000e+02,6.896248897457819282e+01
2.000000000000000000e+02,6.738648220818851087e+01
2.010000000000000000e+02,9.110304834538190732e+01
2.020000000000000000e+02,5.945242825109298224e+01
2.030000000000000000e+02,6.290774563656270857e+01
2.040000000000000000e+02,5.567403018962095018e+01
2.050000000000000000e+02,5.355623569929964845e+01
2.060000000000000000e+02,5.491911611418426986e+01
2.070000000000000000e+02,6.296058322082768655e+01
2.080000000000000000e+02,9.478624600684213419e+01
2.090000000000000000e+02,1.289648923726273608e+02
2.100000000000000000e+02,1.509158473626725936e+02
2.110000000000000000e+02,1.588282869197074092e+02
2.120000000000000000e+02,1.595049401533548519e+02
2.130000000000000000e+02,1.598482529657881344e+02
2.140000000000000000e+02,1.543379068650122576e+02
2.150000000000000000e+02,1.539468342685573532e+02
2.160000000000000000e+02,1.547914259909702253e+02
2.170000000000000000e+02,1.578231221943848936e+02
2.180000000000000000e+02,1.596707970602754472e+02
2.190000000000000000e+02,1.559080232997854694e+02
2.200000000000000000e+02,1.495098839310839196e+02
2.210000000000000000e+02,1.521956473671633319e+02
2.220000000000000000e+02,1.547914259909702253e+02
2.230000000000000000e+02,1.522160735877907030e+02
2.240000000000000000e+02,1.483581039204493095e+02
2.250000000000000000e+02,1.392069512672952953e+02
2.260000000000000000e+02,1.301006424646947437e+02
2.270000000000000000e+02,1.162573225240392532e+02
2.280000000000000000e+02,1.018074885780165317e+02
2.290000000000000000e+02,8.764220758431181935e+01
2.300000000000000000e+02,8.082681243103861846e+01
2.310000000000000000e+02,8.478073547201177007e+01
2.320000000000000000e+02,9.317872173421228865e+01
2.330000000000000000e+02,9.317780503311169582e+01
2.340000000000000000e+02,8.954831430965084849e+01
2.350000000000000000e+02,9.118229665610076040e+01
2.360000000000000000e+02,9.228515875303858707e+01
2.370000000000000000e+02,8.684665891177280628e+01
2.380000000000000000e+02,8.771265411616344920e+01
2.390000000000000000e+02,1.044320629361359209e+02
2.400000000000000000e+02,1.098429703734580585e+02
2.410000000000000000e+02,1.019042657154917322e+02
2.420000000000000000e+02,1.218274465766731254e+02
2.430000000000000000e+02,1.067362112353782777e+02
2.440000000000000000e+02,1.030614033403025616e+02
2.450000000000000000e+02,1.014703408392869619e+02
2.460000000000000000e+02,1.070782460565136773e+02
2.470000000000000000e+02,1.064482147691513489e+02
2.480000000000000000e+02,9.483041995828993720e+01
2.490000000000000000e+02,8.431042683610556310e+01
2.500000000000000000e+02,6.782633951186343779e+01
2.510000000000000000e+02,5.958697663472904793e+01
2.520000000000000000e+02,5.057791005473545454e+01
2.530000000000000000e+02,8.408838842577257822e+01
2.540000000000000000e+02,1.766335393365700668e+02
2.550000000000000000e+02,1.629215283451262053e+02
2.560000000000000000e+02,1.687170980851536797e+02
2.570000000000000000e+02,1.718143589273696819e+02
2.580000000000000000e+02,1.663625356160911508e+02
2.590000000000000000e+02,1.724039307247960835e+02
2.600000000000000000e+02,1.639287073020551588e+02
2.610000000000000000e+02,1.292771777760302427e+02
2.620000000000000000e+02,8.658389102963256789e+01
2.630000000000000000e+02,7.075325022653157703e+01
